6
-6
905
791
793
1904
-1521
-1542
0
416
1928
153
10
7620
1355
2410
7000
3150
2567
1693
2716
2706
5245
7459
2686
189
1494
3453
4075
1839
6100
-204
2773
4752
1355
2581
56
3386
-963
812
705
293
3674
3626
-1557
695
4343
4059
3042
1464
-5982
6525
3306
3663
145
3975
185
353
2546
6070
-401
10435
-2942
1804
-2445
3288
3352
993
505
12068
2293
-5709
1779
5475
11916
6664
6620
-7088
1769
22
-7116
-3496
6411
1745
-2048
6932
2
-6363
4732
8190
3560
-9874
6883
10899
11521
2476
633
7468
-8714
-12716
-7762
14442
722
8312
3912
-9475
1263
-4989
6382
8507
1119
4241
2659
1769
1953
-2818
5737
5832
4403
2890
-8604
1729
-20411
-5955
1876
1990
3025
1684
-11300
-15640
1620
3675
-12063
0
3260
9454
5337
1537
-4348
-13727
5679
1619
7811
1598
5619
12427
-11216
-6807
6055
944
1662
7332
8032
247
1566
6328
351
-9568
172
856
-15019
-9497
6174
618
6035
-19488
54
868
5649
650
6369
4713
856
-6886
1844
5696
1794
4000
2453
120
985
556
5563
816
-18483
505
2681
-19427
-23300
4933
9332
22
-20564
9426
9159
4394
8884
-27620
8877
1712
1691
4319
7014
6324
-18691
6221
-20419
8842
-17265
1825
3296
2635
1381
793
2838
3626
6982
3422
1111
2991
-20082
225
2832
3913
1132
-21322
-27009
5844
1477
1188
-22843
-23046
7141
4289
5933
4372
-3395
5178
-5369
517
5280
4323
-10296
1037
2905
5339
1484
290
8779
-14262
746
2083
6248
4139
652
1044
850
10107
6519
903
192
4485
-24587
2644
-21420
-602
6761
6397
-115
5477
-7441
142
-15660
2418
2620
-21682
-22016
-14921
1653
969
622
-1672
249
-14990
353
-26642
-13754
130
-27574
636
-9616
-26975
883
-5108
3721
3664
-1241
856
3838
-32775
-26088
106
4851
-1176
5999
648
-34811
894
-23877
-17463
255
821
-1029
749
-18014
-27287
-17198
-16232
-11445
-1261
200
-2412
1294
2671
2617
92
-1072
864
-19541
-20860
1151
-2737
181
-2808
3906
568
-903
7726
1848
-25790
-153
-2818
3305
486
-26266
-577
-161
801
-3552
774
122
-13553
-20201
5865
5856
-6941
-12008
-8736
4643
-13443
2901
-24700
-11444
-15475
3396
-21201
5338
-19243
-589
2930
-9276
-6173
-22870
-12037
-12126
-152
4418
208
-12001
-667
-5962
3538
-15823
-4613
140
-5894
-5496
-2768
-10787
301
-2772
178
-614
120
-20772
240
-3664
2480
2227
-649
-2331
-21846
185
1753
2544
-24737
-2681
97
-19308
2912
5199
97
-6449
666
2807
-4782
-5039
2616
4936
-638
-752
-4187
-5355
-1412
-19028
-12148
181
-1207
-131
-2056
655
5384
1416
-33
-3597
239
-2933
-10445
9381
6069
-8029
-2526
-12089
2882
848
1502
-5274
-17266
7063
288
810
6471
4124
2453
-16148
-3484
-3441
0
-1018
-3582
4524
1077
-12298
140
-6919
-22208
-3886
-17064
-1739
-3181
-3847
-4676
5245
-6519
-653
-3644
-1079
-1407
145
167
-17283
-6572
370
-10974
-12670
1137
7443
-6975
-3265
2018
-1215
-4997
-1372
123
413
-7972
3709
-1722
181
156
122
-4007
-4185
-4546
131
-4622
-17378
72
6008
47
-10626
144
968
-19067
-1645
-4148
2552
-4517
-2385
-4575
-15152
198
-57
-1217
-14677
-7025
-1152
1668
-9698
-12693
-1080
6
3144
-12996
-5764
-487
-2867
150
-2966
-9340
-1348
-18640
983
-24208
-20852
77
-21497
-9862
-5614
5882
